0 0.2697575759224001 0.1671900640361659 0.00372649919836455 0.005311332190772404
0 0.28729782214918487 0.15862339921233937 0.004111999115436689 0.005653998783725491
0 0.29924831957842285 0.16521973112668578 0.003854999170721918 0.005139998894295914
0 0.30612306809954365 0.1569100662475741 0.0042404990877940914 0.006339331969631594
0 0.27920232389066885 0.18792139290982612 0.004368999060151495 0.005653998783725491
0 0.33336506223931195 0.15219840059446949 0.0037264991983644792 0.005139998894295897
0 0.34203881037343636 0.20042872355261282 0.00411199911543676 0.005653998783725491
0 0.6195946258841029 0.24381969285350205 0.003958301177049748 0.005406460144263221
0 0.503951353479675 0.35836268624978446 0.003409139567194046 0.004932372139769896
0 0.4987288418022715 0.38147713608125544 0.00442462794891128 0.0047389457813476095
0 0.5322823879044369 0.42034013084392496 0.004151389039344977 0.00566391062732329
0 0.534454626355257 0.44563464080458487 0.004054845108197398 0.0057926358688533955
0 0.528758534417551 0.5066504052898405 0.004054845108197469 0.005792635868853253
0 0.53440506244119 0.5849034942654359 0.003989418642461047 0.005609364394248218
0 0.5093703188803491 0.6540781872520616 0.004099149118200956 0.0060309320359738195
0 0.4526935337306327 0.6729760517289586 0.00390963026961181 0.004893686868085325
0 0.41315839498384405 0.673082436226091 0.0036702651510641714 0.0051064558623501455
0 0.397200720414 0.673082436226091 0.004148995388159378 0.00553199385087936
0 0.34235856918361784 0.6533750287233343 0.004088329848472512 0.005626948608650224
0 0.34777246134398765 0.5921446144278325 0.004260637974947698 0.005482681425126401
0 0.30580049144160354 0.5823394908619679 0.004061953526869395 0.00676992254478229
0 0.31505264058899046 0.5061379568299812 0.0037586258284343543 0.005451106464629945
0 0.287359383908895 0.4497961837435919 0.003616588048502081 0.005152399411564587
0 0.3214448664622982 0.4301314073758922 0.004308572133857851 0.0056383783480115565
