0 0.08935473869945412 0.12137263097724736 0.0037169413491809243 0.006230301690055669
0 0.14186981004716748 0.11110679296522384 0.0040355363219678605 0.006371899455738746
0 0.1764904637566813 0.11188558067648077 0.0038231396734432366 0.005947106158689497
0 0.15960493019897362 0.08342442977418113 0.003823139673443219 0.004814324033224828
0 0.16311827679804133 0.08338893771590382 0.0032370940149194995 0.00535519256789156
0 0.18041275130367623 0.08366868658139069 0.0034169325713039812 0.004635838342353882
0 0.18385965696771087 0.08350883008682676 0.0033569863858424753 0.005435120815173527
0 0.2652483313527949 0.0826581617677427 0.003989418642460976 0.005319224856614699
0 0.288466747851918 0.08212623928208121 0.004308572133857887 0.00553199385087928
0 0.3091319364198661 0.08249858502204424 0.0041489953881594845 0.005212840359482387
0 0.34447030079682134 0.08205784621020414 0.0034184188403650496 0.004623948189865663
0 0.34823551575142625 0.08205784621020414 0.003616588048502081 0.00488817380071513
0 0.3653028388022341 0.0835771434725886 0.0032697919342621873 0.004756060995290401
0 0.36901851145480463 0.08337897426445147 0.003864299558673423 0.005680850633263539
0 0.38494636155882406 0.08199178980749178 0.003616588048502081 0.0050202866061398585
0 0.38846386500325747 0.08185967700206703 0.0033193342362964275 0.00554873782783881
0 0.4040696901440542 0.08209087441156032 0.003814757256639112 0.005482681425126436
0 0.40805784545781326 0.08212390261291651 0.0034679611423992186 0.005548737827838792
0 0.4473131478210233 0.08337239478652819 0.003750053523913408 0.00510645586235011
0 0.4207876679495701 0.11566615602949955 0.0035967711276883563 0.005355192567891578
0 0.08935552159571483 0.1865748330808453 0.003989418642461011 0.00647978300714879
0 0.08947575889638941 0.23937905857959585 0.0037766096840727847 0.0052752643206095936
0 0.08897513640258253 0.3096707986104111 0.0037264991983645326 0.007195998452014258
0 0.17513436786821773 0.30975646525864936 0.004368999060151495 0.0059966653766785425
0 0.09807314170932464 0.5175051077153026 0.004088635484099026 0.00545151397879863
0 0.13487086106621582 0.5175051077153026 0.0033877265439677374 0.005139998894295914
0 0.24981992724774252 0.5088605641203503 0.004555908110853224 0.005295756436547236
0 0.23679470277696996 0.4432866388325147 0.004205453640787553 0.005918786605552811
0 0.33203334450868766 0.4277820744543918 0.004778924591804028 0.006513497221421787
0 0.470407944311642 0.4430433947145449 0.006157204675477103 0.007297427763528362
0 0.5006808672994043 0.439736747759196 0.004446870043400111 0.005701115440256572
0 0.5142780276244161 0.46185707566739154 0.003933769653776906 0.006157204675477103
0 0.5454916346598208 0.500624660661136 0.004446870043399969 0.007069383145918096
0 0.5614832634697404 0.4252559145409444 0.003933769653776977 0.005473070822646236
0 0.5294499279818232 0.3638868641452103 0.004151389039344977 0.006307536834973604
0 0.5140511709637879 0.35757932731023667 0.004247932970492485 0.005535185385793256
0 0.5084516229572297 0.3390428925299058 0.004634108695082731 0.006050086351913464
0 0.45402990573327245 0.35613800009965346 0.00542560935374695 0.006276685330805307
0 0.45187561966634343 0.3169353129064032 0.004308572133857922 0.005319224856614682
0 0.4558251441223799 0.3021478678050144 0.004228783761008686 0.0051064558623501455
0 0.4065957180744111 0.30230744455071296 0.003750053523913337 0.005212840359482342
0 0.320700338946051 0.2569768019413258 0.00412505887630477 0.005500078501739551
0 0.3207003389460509 0.2799132995230484 0.0039495244560364285 0.005500078501739587
0 0.32048092092071556 0.2933709384102835 0.00368622282563404 0.005500078501739551
0 0.3317020047622812 0.36774854280395175 0.004352093064502967 0.005222511677403503
0 0.17429926885679528 0.23638768489294526 0.004205453640787553 0.005451513978798701
0 0.17383199623004109 0.17782284900642217 0.004672726267541698 0.005763029063301453
0 0.28526539173582505 0.20734367765209602 0.003958301177049819 0.006050086351913535
0 0.3374089505023793 0.1475757945319277 0.0035721254524595735 0.0056639106273233255
0 0.33726413460565796 0.15838871482045405 0.00386175724590224 0.0066937125595639205
0 0.3680616486417285 0.19668447417565146 0.004441020832787643 0.00579263586885336
0 0.38650153949091176 0.1984866275570725 0.005020284419672976 0.004762833936612765
0 0.40595514161714447 0.2218502588947812 0.0035721254524596446 0.0046341086950826595
0 0.40730675665321026 0.24418408830024926 0.004344476901640065 0.006050086351913535
0 0.4565774280224707 0.24458185049913403 0.0035967711276883563 0.005231667094819485
0 0.47701362761160915 0.25519050877474014 0.00403274338559001 0.005812963438688285
0 0.46029593817207143 0.21501938509299776 0.0037166634986112255 0.005435120815173527
0 0.44473990304481925 0.19879395089475912 0.003776609684072838 0.004955551331481765
0 0.5043424177180192 0.1736248664611098 0.004069207015310212 0.005531993850879289
0 0.6181694968077253 0.41383999440371566 0.0038365558695343084 0.005435120815173491
0 0.20506627810307307 0.35379011489469664 0.0044959639096104455 0.005275264320609523
0 0.6343840612622182 0.26348457897141997 0.004212826086438781 0.0058511473422761286
