0 0.6063942537597786 0.39715339089646734 0.004111999115436689 0.005996665376678507
0 0.6065870037183148 0.4460690470405167 0.003983499143079356 0.005825332080202017
0 0.6029890044923076 0.46285971009521665 0.005011498921938511 0.005139998894295843
0 0.6190515010369825 0.5017523683953891 0.004497499032508969 0.006853331859061171
0 0.6189896140526382 0.5845682545634676 0.004148995388159449 0.005212840359482342
0 0.5188633409900819 0.6849612355040248 0.003923750321114596 0.005159005051835805
0 0.39457016222581937 0.6667166937305444 0.003616588048502081 0.005482681425126543
0 0.3420553220694878 0.6627202813664462 0.0041120110688447654 0.005152399411564517
0 0.2792345285436873 0.6500987268090475 0.0042795581800945115 0.005996217111092932
0 0.10647046862797162 0.589968638889346 0.004233614901110751 0.005284512216989441
0 0.10642543017157681 0.6038104578213465 0.0037832303371628127 0.005824973693726818
0 0.5280042358029509 0.5646594650188252 0.0036440205628516507 0.005131654425588721
