0 0.1009457207767982 0.3745132880424697 0.0036992791048274755 0.00551265121503711
0 0.10482633709264665 0.3745616446320753 0.003481674451602341 0.0058027907526705036
0 0.10881575573510766 0.3745132880424697 0.003771813989235877 0.005319224856614682
0 0.1488033842415674 0.350733505085134 0.003579563255449383 0.004511741186556079
0 0.15269056621428198 0.35075214864375615 0.003467701903716609 0.004623602538288764
0 0.1893071472692558 0.3743431918175804 0.0036206723022112184 0.004692210834018269
0 0.1932492811310091 0.3742755156997822 0.0035868342433120403 0.004737328245883887
0 0.1972421720811112 0.3743206331116477 0.0035191581255137193 0.0050982675408082654
0 0.23745582439363383 0.3507468143401985 0.0036849646141196503 0.005062173611315899
0 0.24145717485846072 0.3505979268810422 0.0034988552901741698 0.004764398693003216
0 0.2777621784999417 0.3744723338999955 0.0036030765115836515 0.004858694083802177
0 0.2816313913447674 0.3744177418316383 0.0035621324603156168 0.004531141673658184
0 0.28568485242029895 0.3743358537291023 0.00397157297299561 0.005131654425588792
0 0.3107016677450444 0.3743904457974596 0.0037259086653876495 0.005459206835732715
0 0.314755128820576 0.37428126166074493 0.0033983562552436907 0.005350022699018098
0 0.45801254015095905 0.349525052463108 0.004016394425918648 0.005115407826045697
0 0.5658049143478396 0.3741356190111227 0.004154270652480037 0.0055390275366400486
0 0.570091066608335 0.37426750061913794 0.003890507436449582 0.004923580032568892
0 0.5740475148487922 0.37431146115514297 0.003626744220419127 0.0051873432485994185
0 0.6099360881332683 0.3505977003425416 0.0037156726525705607 0.004822117398002774
0 0.6138747011449931 0.350663756745254 0.0034679611423993604 0.004954230203427485
0 0.698589510396219 0.35070690567649704 0.0037259086653877206 0.004694917878730109
0 0.7025201393179465 0.35065231360813975 0.0036440205628514378 0.004913286152159628
0 0.7428810442458459 0.3742344050773664 0.003913841860707663 0.005284512216989299
0 0.7469187418616392 0.374168348674654 0.003765214954604943 0.0054166250224140814
0 0.750832583722347 0.374168348674654 0.0036661303505363205 0.005548737827838863
0 0.654508613151371 0.3743762954020617 0.0035376152485495993 0.004552757015524805
0 0.6584768946040919 0.37419172417170254 0.003414567761643497 0.004757836160368214
0 0.662399033249223 0.3741507083427338 0.0035068533768229317 0.004921899476243041
0 0.6573151906752035 0.5778979694034756 0.004022389044464773 0.005363185392619698
0 0.6613375797196683 0.5778979694034756 0.00375862582843439 0.005011501104579068
0 0.6653599687641332 0.5777660877954603 0.003494862612403864 0.005451106464629945
0 0.7032489527073708 0.6036948190466978 0.0036267442204190557 0.00541593803582586
0 0.7073109062342402 0.6035981058674865 0.0039168837580525915 0.005222511677403361
0 0.7434695461118187 0.578065826555736 0.003989418642461118 0.005222511677403503
0 0.7476040345230964 0.578065826555736 0.0039894186424608334 0.005029085318981004
0 0.7516659880499659 0.5782592529141585 0.00369927910482744 0.00541593803582586
0 0.5686466616904033 0.5778379612733624 0.00386175724590224 0.005500078501739622
0 0.5725961861464397 0.5777794497999397 0.0036862228256340046 0.0056171014485850886
0 0.5767651286278115 0.5778379612733624 0.003598455615499816 0.006202216182812776
0 0.6145927961956268 0.603231940738841 0.003773990035768193 0.005734124395430627
0 0.6185423206516631 0.6032904522122636 0.003598455615499745 0.00561710144858516
0 0.5259393796778555 0.6036218596470515 0.004468148879556253 0.005319224856614752
0 0.5303277401845627 0.6036218596470515 0.00414899538815952 0.005744762845143896
0 0.47998127691670467 0.5779300035896027 0.004148995388159449 0.0050000713652178065
0 0.4842100606777134 0.5781959648324334 0.0035106884053656986 0.004893686868085539
0 0.48827926769302366 0.5777704268439041 0.004308572133857851 0.005106455862350003
0 0.4117632819072485 0.5970529727762603 0.00419623298230313 0.005515049062455475
0 0.4118532011854407 0.6026079859623568 0.00413628679684166 0.004795694836917832
0 0.36860868620093984 0.5781934726277764 0.0034802443577797246 0.004694917878730252
0 0.37262120322520337 0.5780842884910619 0.003644020562851722 0.004913286152159486
0 0.37655183214693094 0.5780296964227045 0.0037259086653875784 0.005022470288874175
0 0.32600090744207066 0.6037058359622265 0.0037381918807680137 0.004443794364286546
0 0.3300543685176022 0.6037058359622264 0.0041885764447159345 0.005164409666603262
0 0.27989254251942924 0.5779163418290283 0.003766852716655613 0.00529543063066086
0 0.28382317144115676 0.5776160854530629 0.0036849646141196503 0.005568390972447403
0 0.28810182479866236 0.5777525656239563 0.003480244357779654 0.005622983040804783
0 0.2373241971408271 0.6034163192522318 0.003648114967978451 0.004984255841024065
0 0.24131010053176646 0.6033262423394423 0.0036030765115836515 0.005044307116217013
0 0.19160789761249952 0.5781843153731785 0.0037832303371628127 0.004563896914672725
0 0.19552624331884672 0.5782743922859681 0.0036030765115836515 0.004744050740251851
0 0.19937703134060172 0.5783044179235647 0.00391834570634721 0.004683999465058691
0 0.14866950187300346 0.6034760518023398 0.003603076511583616 0.004924204565830905
0 0.15256532835115327 0.6034760518023397 0.0036481149679784153 0.004683999465058832
0 0.1026841229507334 0.5780796645271215 0.0036661303505363383 0.004822117398002774
0 0.10662273596245825 0.5779805799230529 0.003616588048502063 0.004888173800715023
0 0.11068520472926881 0.5778814953189844 0.003715672652570614 0.005086343008852126
