0 0.08749311867690811 0.10116464165594234 0.0045375647639351695 0.00527773490273308
0 0.468799301983032 0.11262085744281376 0.004703420238211678 0.005016981587425775
0 0.6812143116138307 0.11102454511954196 0.004104803116984641 0.006613293910697582
0 0.2664478114252712 0.09983079582622421 0.003844348873644279 0.005029085318981146
0 0.08649266872238591 0.34622520489841013 0.0037381810140334083 0.00545151397879863
0 0.26693159953616474 0.3464462730889757 0.004240499087794163 0.005311332190772333
0 0.46870597679004145 0.3527132915044664 0.004205453640787624 0.006074544147804346
0 0.6817678921803388 0.3534519229260896 0.004037291666170546 0.005851147342276164
0 0.6806323860723131 0.6057738307452784 0.004035536321967896 0.00566391062732329
0 0.46823839123317085 0.6064788297076157 0.004212826086438852 0.005968170289121773
0 0.2685711609969513 0.5981604362997974 0.0040991491182009905 0.005842465409849709
0 0.08553749657070885 0.5969947359505601 0.0038549991707219357 0.006339331969631487
0 0.11146941090684816 0.827813914995327 0.004141734646230173 0.005239117330274041
0 0.26968780376941426 0.8340237763441656 0.003731639197258829 0.005597458795888173
0 0.6825411567129538 0.8426657216302612 0.0035721254524595735 0.005663910627323361
