0 0.09872120940267619 0.265512096997646 0.003816449179014718 0.006219398662098108
0 0.1390059507367204 0.2653236303715218 0.004099149118201009 0.006596331914346471
0 0.09737838469154138 0.31225182027644344 0.004523199026980418 0.0069732651665948
0 0.13893527575192383 0.31225182027644344 0.004523199026980383 0.005842465409849673
0 0.21073021880794557 0.27312745705641794 0.0038617572459022755 0.006564987318033815
0 0.2672065989657957 0.2242905310722416 0.0038549991707218824 0.005918786605552882
0 0.2670313717307628 0.2040420505795607 0.0037381810140333727 0.005607271521050059
0 0.31383919103534674 0.1680613272917131 0.004439089954164643 0.006386059232307026
0 0.3262219156443324 0.18893283795339957 0.0037381810140333727 0.006074544147804204
0 0.21347344863093567 0.3462491884557329 0.0043222717974760625 0.005918786605552882
0 0.1915116351734895 0.3657188812371568 0.004088635484099008 0.005607271521050023
0 0.22996690878624204 0.45876722394162894 0.00386175724590224 0.004680917873820931
0 0.2767029481826729 0.4346604968914513 0.004125058876304663 0.005851147342276164
0 0.2985569835060743 0.43629881814728855 0.003949524456036357 0.006085193235967239
0 0.30245786456634194 0.33861905822480604 0.003989418642461011 0.00541593803582586
0 0.31946729496010745 0.32208110457969497 0.00362674422041902 0.005029085318981146
0 0.32831655085793005 0.30791262382525764 0.004061953526869431 0.00570607757345936
0 0.3329587834600666 0.34974107383409125 0.003626744220419127 0.005802790752670575
0 0.35381256272747635 0.3422458024452251 0.003989418642461047 0.007060062082415826
0 0.3662006089204192 0.36893521099657717 0.004247932970492556 0.005947106158689479
0 0.45025658257403933 0.3760150992807313 0.0037169413491808714 0.006230301690055669
0 0.4802576091781426 0.39661757418761995 0.004460329619017074 0.00552231286164023
0 0.4007681634678019 0.3479787416754809 0.0035045447006563533 0.005947106158689479
0 0.38311770596045536 0.3427416633631196 0.003844348873644279 0.005222511677403574
0 0.38123179896583737 0.3216098337054777 0.003699279104827511 0.00570607757345936
0 0.3809779268704081 0.3139211359581892 0.004497162833319734 0.004835658960558824
0 0.3812680664080416 0.30594229867326717 0.004642232602136503 0.00512579849819236
0 0.38130433385024576 0.29757660867150043 0.003989418642461047 0.004835658960558824
0 0.31936570583602164 0.30110499044614264 0.003823139673443201 0.0056639106273233255
0 0.3203058667402808 0.27460562769887004 0.0037718139892358236 0.005512651215037003
0 0.32037840162468917 0.26759392220605976 0.004497162833319699 0.005996217111092932
0 0.3483405995641205 0.2760563253870377 0.00442462794891135 0.0060929302903041105
0 0.34823179723750797 0.2611624957885166 0.004061953526869431 0.005899503931881718
0 0.3813439719699343 0.27165587573292915 0.004569697717728118 0.006576496186359968
0 0.38101756499009654 0.25187803058424374 0.0042070232956861985 0.005125798498192324
0 0.38105383243230073 0.23828982890507341 0.003989418642460976 0.005802790752670539
0 0.34808672746869107 0.23577528624558286 0.003336604682785591 0.005222511677403503
0 0.3810390500092728 0.20484209265305722 0.004141734646230191 0.005805508393006384
0 0.44757230015961136 0.20349691387906796 0.004460329619017074 0.005947106158689514
0 0.11349226139855417 0.12477899218668355 0.003989418642461011 0.00541593803582586
