0 0.42897010206470965 0.18544295012614434 0.004205453640787553 0.005295756436547272
0 0.5016309955249836 0.18520931381276726 0.004439089954164643 0.006697574316809813
0 0.4986435258530518 0.259393939737762 0.004207023295686127 0.005706077573459396
0 0.5194973051204617 0.25934558314815637 0.004569697717728047 0.005802790752670575
0 0.4168781553449714 0.32774905056724196 0.0045231990269803644 0.006596331914346436
0 0.4370912009967901 0.32284891828801315 0.0039577991486078904 0.0058424654098496375
0 0.4630075726142624 0.3214324270741126 0.003558038055188888 0.00498425584102403
0 0.46661064912584604 0.321342350161323 0.003197730404030494 0.004924204565831012
0 0.46291749570147284 0.3285485031844903 0.003828268793557612 0.004804102015444869
0 0.46665568758224085 0.3284884519092972 0.0034679611423992897 0.005044307116217084
0 0.459584649928258 0.33815670721538005 0.0037381918807679426 0.005044307116217084
0 0.46388582251396093 0.345062603862582 0.0036030765115836515 0.004563896914672654
0 0.466295379931083 0.34500255258739015 0.0033778842296104923 0.004683999465058771
0 0.4710694563089308 0.340078348021558 0.0034679611423992897 0.004683999465058761
0 0.4678717259049003 0.351007680106695 0.003558038055188817 0.005044307116217155
0 0.4938629479070137 0.35395942245713924 0.00386175724590224 0.005031986714357473
0 0.498997329699861 0.3540764454039848 0.0041250588763047345 0.005031986714357544
0 0.5147954275240066 0.35395942245713924 0.004125058876304806 0.0059681702891217015
0 0.5200614601320551 0.35360835361660264 0.003598455615499887 0.005968170289121773
0 0.4013547125118023 0.36303880334018074 0.00386175724590224 0.004634108695082731
0 0.4014512564429499 0.3715990319019307 0.004054845108197327 0.005020284419672976
0 0.40145125644294977 0.37906509591067516 0.004441020832787572 0.0057926358688533955
0 0.40149952840852365 0.38743223661013004 0.0035721254524596446 0.006307536834973675
0 0.400534089097048 0.40545377042434055 0.004923740488525468 0.0057926358688533955
0 0.407099076415082 0.40133456269537815 0.004344476901640135 0.005535185385793327
0 0.4119262729724598 0.40313671607679924 0.003572125452459883 0.005792635868853453
0 0.417525820979018 0.40197818890302855 0.0035721254524595735 0.0057926358688533955
0 0.4377558365079575 0.3724881645150085 0.004207023295686124 0.0055126512150369626
0 0.4377195690657537 0.379016304111763 0.003989418642460976 0.005609364394248289
0 0.4376107667391412 0.38573787006693977 0.003916883758052663 0.005319224856614752
0 0.4376470341813453 0.3897998235938091 0.004134488411277743 0.004932372139769967
0 0.4427244760899323 0.4037265214002186 0.004714767486544817 0.005125798498192264
0 0.46916344145678723 0.37471256763686567 0.0037718139892358948 0.005319224856614752
0 0.47054160426054653 0.37007033503472925 0.0042070232956861985 0.005125798498192395
0 0.4758003833801543 0.36668537376233806 0.003844348873644279 0.005512651215037039
0 0.4909964416637102 0.4016955446367838 0.003626744220419127 0.005512651215036968
0 0.497415778933852 0.4016955446367838 0.003554209336010814 0.005706077573459396
0 0.5112699418558531 0.40000306400058816 0.003844348873644279 0.005222511677403574
0 0.5188498372765289 0.4000514205901938 0.0037718139892358236 0.004932372139770038
0 0.4962189533411135 0.41504196336792587 0.003771813989235353 0.005125798498192321
0 0.5114512790668739 0.4220536688607364 0.004061953526869431 0.005609364394248218
0 0.4841781625293224 0.4283883820990684 0.00406195352686936 0.005706077573459396
0 0.43880759233187944 0.41726636648978316 0.00369927910482744 0.004738945781347539
0 0.5156220349203561 0.45082583967606127 0.003844348873644279 0.005319224856614752
0 0.4420101426617735 0.47184521289497466 0.0042795581800945115 0.005609364394248147
0 0.42848238671961025 0.4840794300651885 0.004207023295686127 0.0058995039318816824
0 0.4291435628728762 0.5499651782890145 0.004148995388159449 0.005106455862350003
0 0.448811396780209 0.586348676308259 0.004707513998104033 0.005744762845143967
0 0.4015372177854626 0.43222609265199724 0.0035721254524595024 0.005277734902733116
0 0.40863319672480797 0.431968642168937 0.0034755815213121364 0.006050086351913464
0 0.4209425479461214 0.4313250159612867 0.004344476901639922 0.005535185385793256
0 0.375440814717578 0.74053757605849 0.003890507436449582 0.005099422176589457
0 0.39515711511585644 0.7339874561937333 0.003758625828434243 0.0048356589605586114
0 0.4131919250119405 0.7342512194097637 0.0038245666324419145 0.00589071182468075
0 0.43640308802262284 0.7542972238280803 0.004220211456487632 0.0060665539687009586
0 0.4646516182675738 0.7123836871467556 0.003758625828434319 0.005011501104578997
0 0.5012487644918029 0.73396831032525 0.004154270652480037 0.005275264320609665
0 0.48578564595201607 0.7597731449602318 0.0038245666324419857 0.00518734324859949
0 0.5105793882588812 0.7477719186308451 0.0040883298484723695 0.0058027907526704324
0 0.5221849697642224 0.7599050265682473 0.003692685024426652 0.004923580032569106
0 0.5426925598105922 0.7454859707585808 0.003956448240457319 0.005099422176589172
0 0.6019609535830215 0.8016442138637885 0.004388360506707229 0.00542560935374695
0 0.6018475039797307 0.7023814353360909 0.004354131294754779 0.006796692752787976
0 0.32230682581055753 0.8015280194023535 0.005011498921938511 0.005482665487248965
0 0.31837745390133376 0.7091032199107064 0.005023180737607333 0.0065418167745585265
