0 0.6867414802961801 0.12097775839829801 0.0037739900357682643 0.005031986714357473
0 0.679895637905717 0.14268551503814256 0.004476127716841205 0.005851147342276146
0 0.6574272321113765 0.14262700356471977 0.004125058876304592 0.005500078501739569
0 0.6901338433707829 0.16439138793842276 0.0037586258284342477 0.005978632896690889
0 0.6007513540082187 0.2107147046421944 0.005011501104579139 0.006330317184731555
0 0.7418636569398797 0.26947785486793036 0.0038298418967626447 0.005744762845143931
0 0.7117817149521605 0.3176348432687429 0.0037264991983644792 0.005825332080202088
0 0.6780504722083436 0.3088111785002016 0.0038549991707219535 0.004968665597819388
0 0.677986222222165 0.318320176454649 0.0034694992536498147 0.00548266548724893
0 0.6825479712408525 0.31926250958526997 0.0035979992260071468 0.006339331969631558
0 0.6589039763270914 0.3188341763440786 0.0038549991707219535 0.006167998673155033
0 0.6256227120016007 0.4188330902754505 0.004388360506707088 0.005531993850879218
0 0.625832640170526 0.5838502336465075 0.004069207015310355 0.006808607816466718
0 0.6008747658079033 0.3083687582121345 0.003971817327410463 0.006230301690055669
0 0.594157721798312 0.34162299348280656 0.004088635484098973 0.005763029063301417
