0 0.4216496371750809 0.16303985360215426 0.0034332815309753074 0.0042870605360325695
0 0.42175863023955634 0.16623698349343274 0.0037602607244017483 0.004432384621999786
0 0.42170413370731874 0.16870749295487528 0.0035422745954510055 0.004432384621999786
0 0.44829844143931735 0.15795351059330198 0.003324288466499894 0.0047230327939341695
0 0.45045105446270667 0.1578445175288265 0.0033787849987374574 0.004359722579016214
0 0.4714867159064598 0.15780818650733533 0.0038147572566391034 0.005013680965868119
0 0.4737210737282055 0.157771855485843 0.0037057641921636984 0.004505046664983397
0 0.49832625803352826 0.16267654338723617 0.003324288466499894 0.004868356879901405
0 0.4982717615012905 0.16543770102061311 0.0038692537888768896 0.004577708707967005
0 0.4983535062996471 0.16827152069697365 0.0035967711276884274 0.004723032793934223
0 0.5075926705594493 0.1944746027186104 0.0032822917132195074 0.004601976010287139
0 0.5077280227950461 0.19731699966614072 0.0034853200666145057 0.004601976010287139
0 0.41309670998752246 0.19378746957795961 0.003419025674504752 0.00432949247423327
0 0.41323996525321405 0.19637243126110476 0.003476327780781503 0.004354960077022945
0 0.4224899243317768 0.22179425274675155 0.0038896848704597174 0.0046403258103729075
0 0.4225922844599465 0.22466033633551125 0.00425818133187141 0.004258181331871567
0 0.42255134040867837 0.22719886751412716 0.003930628921727647 0.004640325810372616
0 0.412533172044 0.2520933730093827 0.003647742749330547 0.004913286152159521
0 0.4125331720440007 0.25497186388640564 0.003424411560595997 0.0046155112338464805
0 0.4981252741429813 0.22167817880482754 0.0035376152485496705 0.004839867818305521
0 0.49809451227125434 0.22434420768779245 0.003845233965814711 0.004511741186556019
0 0.4982021788222971 0.22692820491282004 0.003629900863729104 0.004347677870681226
0 0.5074951559831896 0.25106395780246993 0.003693153424373108 0.005164409666603191
0 0.5076077521241767 0.25412657283731604 0.0036481149679783442 0.004924204565830976
0 0.42157948727867056 0.2804644529782872 0.0038896848704595755 0.004858694083802177
0 0.4217432634837426 0.28313946432779624 0.004135349178067571 0.00442195753694353
0 0.42172279145810876 0.28578717964312633 0.003930628921727983 0.004476549605300838
0 0.49843375083663943 0.28016056291497576 0.004008422619136809 0.004563896914672547
0 0.49845627006483695 0.28304302412424337 0.004143537988320996 0.004323691813900373
0 0.49847878929303424 0.28592548533351075 0.0037381918807680866 0.00468399946505877
0 0.5072611114138695 0.3099510602697467 0.0037259086653875784 0.004967878220516866
0 0.5071382792600655 0.3127079597217918 0.0033983562552437974 0.004694917878730158
0 0.44469518067261193 0.31915673974267544 0.003765214954604872 0.004690004592578063
0 0.41301287852169294 0.3098097587588755 0.0038147572566391828 0.004491835384440926
0 0.4129881073706758 0.3126171558741512 0.0035670457464677696 0.004822117398002809
0 0.4215758969450447 0.33840785869760226 0.003647742749330547 0.00466514038689887
0 0.4216317297422283 0.34116227669199467 0.003684964614119579 0.004218478009429844
0 0.421687562539412 0.34384225095680887 0.003647742749330547 0.0049132861521594155
0 0.39408309399607505 0.36802658544178357 0.0035211884090477243 0.0046949178787301805
0 0.39422639817551297 0.3717661421242606 0.0034802443577797246 0.004858694083802177
0 0.42167841702536324 0.40252816546493336 0.003871073938065095 0.004665140386898941
0 0.42173424982254737 0.3997737474705408 0.004057183262009674 0.004615511233847064
0 0.4217714716873362 0.3970937732057267 0.004131626991587931 0.004516252927742526
0 0.4240047835746812 0.39711858778225273 0.00040944051267992164 0.0003970332244169583
0 0.5003456610823749 0.3383742426494263 0.0034332815309753074 0.004723032793934223
0 0.5004274058807314 0.340990076196836 0.0035967711276883563 0.0042870605360325695
0 0.5004001576146125 0.34396921995916374 0.003651267659925992 0.004868356879901441
0 0.5261340652394111 0.3677692513961493 0.0037718139892358948 0.00541593803582586
0 0.5262066001238196 0.3720729878710467 0.0037718139892358236 0.005125798498192324
0 0.4988206943434336 0.3969835853314315 0.0038692537888768896 0.00494101892288505
0 0.49890243914179017 0.3998537360292837 0.003923750321114595 0.0045777087079671265
0 0.4988751908756713 0.40239690753370994 0.0035422745954505784 0.0048683568799013695
0 0.5075991856502644 0.42839893999706363 0.004053461075531644 0.0048041020154447975
0 0.5075541471938696 0.43131142684392715 0.0035129995987941243 0.004984255841024065
0 0.41200205741925866 0.42743468309185917 0.0036030765115836515 0.0046949178787301805
0 0.4121658336243307 0.43032806271479757 0.0037668527166555776 0.005022470288874175
0 0.42161457224642496 0.45635780223851874 0.0036849646141196503 0.004804102015444869
0 0.42173740440022894 0.45886903738295587 0.0037668527166556487 0.0044765496053009455
0 0.4218807085796669 0.4615713447666435 0.004053461075531573 0.004858694083802177
0 0.41129997113566175 0.48569011075916635 0.0036567173131498974 0.005035479578763713
0 0.41141986350658477 0.4883277429194719 0.0040163944259185205 0.004875623084199315
0 0.44335412128990415 0.475883820068328 0.003918345706347281 0.0049842558410241366
0 0.4988243110017166 0.4556782558687982 0.003512999598794053 0.004924204565830905
0 0.4990044648272962 0.4584105888900824 0.003963384162742047 0.00426364053870741
0 0.49900446482729577 0.46111289627377017 0.004143537988321171 0.004984255841024065
0 0.4755466670503261 0.5339676469230916 0.004054845108197327 0.005792635868853324
0 0.507471304837594 0.48548088447454646 0.0035360771549631663 0.0053103193765764445
0 0.5074526939051993 0.4885827065403038 0.003349967831017793 0.004764398693003286
0 0.5075657185671107 0.5151518048447956 0.0038692537888769607 0.005231667094819485
0 0.507865449494418 0.5186032518865168 0.0041417364500654945 0.005304329137803023
0 0.5075655835841048 0.5442941748374832 0.0038298418967625024 0.00542560935374695
0 0.5076054777705293 0.5474325175028858 0.003750053523913266 0.0051064558623501455
0 0.38573771562589654 0.5455057498119709 0.0041435379883210995 0.004864153290637887
0 0.38573771562589654 0.5482981341084482 0.00369315342437325 0.004563896914672583
0 0.411637555853839 0.5153994539758976 0.0037381918807680137 0.004623948189865601
0 0.4117051135384312 0.5184620690107438 0.0035129995987941243 0.004383743089093386
0 0.47871715535886367 0.6766938195524946 0.003923750321114667 0.005013680965868588
0 0.4058326413186417 0.6801340214212463 0.003989418642460976 0.00542560935374695
0 0.40818639831769366 0.6800808291726801 0.0035904767782149348 0.005531993850879218
0 0.3857259713606382 0.691623547111534 0.0036702651510641003 0.004787302370953199
0 0.3879233012085217 0.6917831238572325 0.00311804573018015 0.005319224856614682
0 0.3902487132120507 0.6914527718075061 0.0035211884090477243 0.004585733742015492
0 0.3657862982748455 0.679818870226201 0.0038965020549957784 0.005275264320609665
0 0.36815417260057365 0.679539121360714 0.0038365558695342573 0.004715766589635847
0 0.3416560147549167 0.6917291081259151 0.0032697919342621873 0.005086343008852197
0 0.34380862777830595 0.6915837840399481 0.002997309273073654 0.005086343008852197
0 0.34582499947110085 0.6916201150614394 0.0035422745954508546 0.005159005051835665
0 0.321633820032052 0.6796235177249702 0.003616588048502081 0.0045578917871532095
0 0.32376413901952583 0.6797886587317511 0.0038147572566391828 0.0051523994115646584
0 0.2974324054883086 0.6914476138104839 0.0037652149546049075 0.004822117398002916
0 0.29938932641866245 0.6915797266159086 0.003220249632227876 0.005086343008852197
0 0.30151964540613635 0.6916788112199771 0.004112011068844801 0.004491835384440748
0 0.29221796333474515 0.7260486400750622 0.0036883484200095394 0.0044666237746905325
0 0.29233639654089233 0.7290263892581891 0.0036545103611103614 0.004647093422152721
0 0.3095145205022176 0.7552878730430984 0.003945517667643231 0.004665140386898941
0 0.3096820188937685 0.7579926618844387 0.003610520884541515 0.004516252927742528
0 0.29680927326062445 0.7943658880226228 0.003716663498611261 0.005275264320609665
0 0.2987800328708665 0.7942808472281393 0.0033983562552437263 0.004858694083801965
0 0.3009705396137043 0.7942535511939607 0.003766852716655613 0.004585733742015492
0 0.32152445335023816 0.8062911022667515 0.003357412203975727 0.005077062357231483
0 0.32379684819561194 0.8062092141642154 0.0035621324603156523 0.004804102015444726
0 0.34117104691067324 0.7942071479358569 0.003765214954604943 0.005020286606139877
0 0.34337567935119845 0.7942732043385692 0.003220249632227876 0.005152399411564517
0 0.34560508294274084 0.7942732043385692 0.003913841860707663 0.005020286606139877
0 0.4131904548412638 0.7344335343447613 0.004308572133857922 0.005212840359482413
0 0.5301043751821335 0.6913857497556956 0.003651267659926134 0.005376991180786632
0 0.5322569882055227 0.6915310738416629 0.003269791934262116 0.0055223152667537075
0 0.5343551046966742 0.6913857497556957 0.0038692537888768185 0.005231667094819272
0 0.5520119811416898 0.6795055057278765 0.003978246853352232 0.005159005051835664
0 0.5544098285601486 0.6795781677708601 0.0034332815309752363 0.005159005051835947
0 0.5741648214963159 0.6913857497556956 0.003923750321114596 0.004941018922884979
0 0.5765899171808938 0.6916037358846465 0.0036512676599261373 0.005667639352721069
0 0.5788515232687583 0.6913494187342039 0.003705764192163912 0.0047230327939342944
0 0.596699137576606 0.6794328436848929 0.0034332815309752363 0.004577708707966934
0 0.5990152401967083 0.6798324849213028 0.003160798869786916 0.005522315266753992
0 0.6186339918022812 0.6912404256697283 0.003487778063213014 0.004795694836917761
0 0.6207048600273138 0.6915310738416628 0.003269791934262045 0.005231667094819414
0 0.6229937143812974 0.6914947428201711 0.003814757256639112 0.0048683568799013695
0 0.6272185807412837 0.7271905010185992 0.003909630269611881 0.005425609353747234
0 0.6274579458598312 0.730116074689737 0.004069207015310212 0.0048936868680855925
0 0.6108619643071934 0.757190929209906 0.004388360506707229 0.005000071365217878
0 0.610822070120769 0.7602760796267427 0.0038298418967624313 0.004787302370953199
0 0.6191611670030147 0.7927281573823609 0.003776609684072767 0.005035479578763642
0 0.6213192296796277 0.7930478703714887 0.0031771478294579936 0.00519533607332761
0 0.6235372385417022 0.7930478703714886 0.0036567173131498974 0.004715766589635706
0 0.5987794639461139 0.8061161388020898 0.003776609684072838 0.005275264320609523
0 0.6012672306427657 0.8063559235439357 0.0037166634986109883 0.005115407826045761
0 0.5749508552251786 0.7929279780005655 0.0038365558695342373 0.004795694836917761
0 0.57704897171633 0.7933276192369754 0.0037166634986112966 0.005435120815173491
0 0.5792969536711352 0.7930079062478476 0.0038965020549955654 0.004475981847789967
0 0.5545691521682776 0.8061161388020898 0.0035967711276884274 0.004795694836917761
0 0.5568770803085444 0.8062360311730126 0.004016394425918577 0.005035479578763642
0 0.5306506241691501 0.7930079062478476 0.0038365558695343084 0.004635838342353935
0 0.5328986061239557 0.793167762742411 0.003297040200380803 0.00527526432060952
0 0.5349367764296455 0.7931677627424114 0.003297040200381076 0.005275264320609523
0 0.5101490287413264 0.8061561029257305 0.003596771127688285 0.005035479578763642
0 0.5125468761597853 0.8061960670493715 0.0035967711276883563 0.005115407826045697
0 0.48623050074219876 0.7928880138769248 0.0037166634986112966 0.005035479578763642
0 0.48865832125338843 0.7932876551133344 0.0031771478294579936 0.005515049062455404
0 0.4908163839300013 0.7932476909896935 0.0038965020549958057 0.0047956948369179
0 0.4127642761685904 0.7539054229873767 0.004418033868510491 0.005275264320609665
0 0.42980354518632113 0.7941571444341412 0.0037718139892358948 0.0049323721397701095
0 0.43205212660298103 0.7944472839717747 0.0036267442204190557 0.00531922485661454
0 0.4341193708086199 0.7945923537405915 0.002828860491926903 0.0038685271684470025
0 0.4529784407547993 0.8027162607943302 0.003989418642460974 0.005222511677403499
0 0.4531597779658205 0.8058110825290874 0.0034816744516023555 0.004835658960558735
0 0.41018285895385387 0.8063430050147492 0.003554209336010743 0.004738945781347752
0 0.41250397525492205 0.8063913616043547 0.003409139567193975 0.004835658960558788
0 0.38533966104398304 0.7944472839717747 0.003771813989235966 0.004932372139769967
0 0.38762450990284714 0.794350570792563 0.003119000029560298 0.005319224856614677
0 0.3896554866662818 0.7942055010237468 0.0031190000295604394 0.0046422326021364315
0 0.3655739050426989 0.8061979352459326 0.003699279104827511 0.0046422326021364315
0 0.36811262599699224 0.8062946484251436 0.003989418642460976 0.004835658960558646
