0 0.6359580261703104 0.26242062772220043 0.004088635484098831 0.005451513978798736
0 0.5469425907736403 0.28726395571129737 0.0043222717974760625 0.005607271521050059
0 0.3806462729071128 0.17384892956922365 0.004220211456487703 0.005099422176589279
0 0.2881941847055284 0.2903318271814688 0.003824566632442398 0.005011501104579105
0 0.2670913137139145 0.37624460898840867 0.004354131294754815 0.00594710615868955
0 0.38168983400088863 0.41286743189544284 0.0038298418967625735 0.004893686868085539
0 0.36214235927262706 0.6465773407186706 0.004076340611380118 0.00519533607332761
0 0.29319679327454135 0.7223527267995178 0.0039495244560364285 0.005500078501739551
0 0.30286094831732946 0.8074707511931497 0.0037500535239133725 0.004574533376688521
0 0.5574949775553578 0.8087181694958175 0.004441020832787572 0.005663910627323077
0 0.5448380937357271 0.7235276810139193 0.004354131294754779 0.0053807150959571
0 0.48923011055825166 0.6466611437472481 0.004069207015310212 0.005000071365217878
0 0.4892149699736345 0.4129661694816182 0.0036165880485020097 0.00435972257901625
0 0.5471094377824467 0.37495258059917475 0.003956448240457319 0.005451106464629945
