0 0.5037139027419704 0.3045427915453071 0.004054845108197398 0.00502028441967294
0 0.4444359290173706 0.31896001859667555 0.00386175724590224 0.005020284419672976
0 0.4142176785681853 0.3183807550097902 0.004441020832787572 0.005149009661203046
0 0.4138797748091689 0.32121271032345183 0.005116828350820484 0.0046341086950826595
0 0.5036316801375692 0.40856142159081005 0.0038231396734431655 0.00552231286164023
0 0.4132821234651569 0.40050237188443316 0.004151389039344906 0.005535185385793256
0 0.41328212346515686 0.4034630524396249 0.0049237404885253255 0.004247932970492556
0 0.4434238993265558 0.47591749840330705 0.0040692070153102835 0.005106455862350074
0 0.41366283625379663 0.48246014497694306 0.00454793725240556 0.005212840359482342
0 0.413463365321673 0.4853857186480813 0.005425609353746951 0.004893686868085407
0 0.49872682037776106 0.5134872627209179 0.003692685024426652 0.005011501104579068
0 0.49866087957375355 0.516212815953233 0.004088329848472512 0.0048356589605588595
0 0.49872682037776117 0.5192021324015783 0.004879619496563947 0.004659816816538509
0 0.5350902251059462 0.5442789106884954 0.003651267659926063 0.004795694836917832
0 0.5350629768398273 0.5471853924078396 0.00403274338559001 0.004359722579016179
0 0.403532183676133 0.5451949724088238 0.0037166634986112966 0.005115407826045697
0 0.4033523451197486 0.5480324251873336 0.004436017724149012 0.004875623084199664
0 0.4093592073260408 0.6789467400809452 0.004212826086438781 0.0052660326080484765
0 0.4092275565108396 0.6818138022786604 0.00465166213710944 0.005383055554894014
0 0.3853987589594199 0.6922873560213347 0.0035106884053656986 0.0055000785017396935
0 0.3878123572381088 0.6921118216010664 0.003598455615499887 0.0067873309170403216
0 0.38974323586105997 0.6915267068668389 0.0032473867749632035 0.0074894685981135465
0 0.47636947226345844 0.6790637630277908 0.003773990035768122 0.005734124395430627
0 0.4133087317820772 0.7339475250983412 0.00386175724590224 0.0047979408206664685
0 0.4128260121263395 0.7545435637431531 0.003598455615499816 0.005500078501739551
0 0.4294976591865083 0.7938123715507285 0.0034616334253852444 0.004416994621638395
0 0.43156347268230283 0.7934897820558896 0.003349967831018039 0.004764398693003357
0 0.4336106752457024 0.7932912654436813 0.0034988552901741342 0.005459206835732715
0 0.38574368885566346 0.7938476211702805 0.0035795632554494004 0.004735463890021663
0 0.3875894011592544 0.7935866113495706 0.0034677019037164854 0.0054066320004181965
0 0.3898266281939103 0.7937357598185479 0.003355840551983735 0.005481206234906877
0 0.3681038756532047 0.8061595387188685 0.0034229226860043272 0.005044307116217231
0 0.3658294336052677 0.8060694618060785 0.003828268793557612 0.0057048711433408525
0 0.3415762248366703 0.7934887196531322 0.00369315342437325 0.004804102015444869
0 0.3436930322872257 0.7936088222035186 0.003242768860425406 0.0048041020154454194
0 0.34583235896597847 0.7936088222035188 0.0031977304040305007 0.005044307116217786
0 0.34598999356336024 0.7900958226047243 0.00036030765115846464 0.0019816920813708807
0 0.32150161197418753 0.8062546462861161 0.003896502054995672 0.005355192567891578
0 0.32368964774353126 0.8062546462861164 0.004196232982303126 0.005515049062455466
0 0.29752313778959844 0.8053354714423736 0.0037766096840728025 0.004955551331481729
0 0.2995313350025578 0.8052832342773286 0.0032370940149195693 0.005038087590756797
0 0.30165942458644 0.8051468883532944 0.003416932571303907 0.005332717509640347
0 0.30937241684789824 0.7557552810986732 0.004286152260495333 0.004738540762791963
0 0.30950322265096686 0.7585641568401207 0.004142626573740031 0.004220211456487563
0 0.3095615950103559 0.7251664104108702 0.0038365558695343084 0.005195336073327467
0 0.3095016488248941 0.7282436479312259 0.003956448240457053 0.004156268858662172
0 0.29716050590227605 0.6920479475440062 0.0034853200666145057 0.004241036715362725
0 0.2992753845834738 0.692025388838073 0.0034514820077151363 0.004917797893345902
0 0.30132258714687393 0.6919802714262073 0.003688348420009711 0.0049177978933460055
0 0.3208135848160614 0.6799322980508066 0.0036299008637291764 0.004716820331399418
0 0.3230284395803703 0.6799322980508077 0.0033222821464635815 0.004634788673462644
0 0.34131637232178597 0.692196030912445 0.003414567761643497 0.004388693699649906
0 0.3435312270860952 0.6920934913400232 0.0032299965312844897 0.0043476778706812505
0 0.34548460594072916 0.6919704438531172 0.0033222821464639176 0.00451174118655604
0 0.36589483485573127 0.6796816739627638 0.003647742749330618 0.005012544458263761
0 0.3681281467430773 0.6796320448097123 0.0036477427493302643 0.00421847800943008
0 0.41025709317760034 0.8063602971892755 0.0037602607244014764 0.004795694836917761
0 0.41246420273322715 0.8061059800388328 0.0033787849987375173 0.004868356879901679
0 0.4532152453277529 0.8053191283505238 0.003913841860707805 0.004822117398002774
0 0.45324001647877005 0.8080934972644434 0.0040624687668106675 0.004425778981728428
0 0.48665658189174116 0.7938409553315919 0.0038245666324419857 0.005275264320609665
0 0.48866777641397424 0.7937530342595823 0.0030992177883580746 0.004747737888548025
0 0.49090976375023376 0.7939728369396076 0.0036267442204178154 0.005187343248599916
0 0.5096369520883967 0.8062817870210296 0.003626744220419127 0.004835658960558788
0 0.512142702640687 0.806237826485025 0.0038905074364490675 0.004923580032568417
0 0.5318260326369608 0.8061059448770095 0.003560803416411389 0.004835658960558788
0 0.5340020791692123 0.8061059448770108 0.003428921808396266 0.004835658960557315
0 0.5360132736914447 0.8061059448770095 0.003494862612403864 0.004659816816538438
0 0.554048083587529 0.8062817870210297 0.003824566632441962 0.00483565896055879
0 0.5563230413257918 0.8062378264850245 0.0038905074364494617 0.005099422176589175
0 0.5744237920258835 0.7934892710435514 0.003428921808396126 0.004747737888548471
0 0.576402016146112 0.7935332315795566 0.0032970402003811472 0.004835658960558646
0 0.5787099442863788 0.7936211526515669 0.0036926850244267937 0.004835658960558788
0 0.5983273334786456 0.8062817870210298 0.0036267442204190557 0.004483974672518087
0 0.6007012024229201 0.8065015897010568 0.0037586258284340295 0.004923580032568961
0 0.6204175028211983 0.8060180238049992 0.0036267442204189846 0.004835658960558788
0 0.6226265197554537 0.8060619843410044 0.003297040200381005 0.005099422176589172
0 0.6247695958857012 0.8060619843410042 0.00375862582843439 0.004747737888548613
0 0.6109228917607463 0.7578992098754079 0.003807796767923648 0.004148997195156881
0 0.6109433637863808 0.7550604223208269 0.003766852716655147 0.004585733742015352
0 0.6108454916134635 0.7252855929739129 0.0035422745954506495 0.004795694836917761
0 0.6107637468151068 0.7279014265213226 0.0033787849987375294 0.0043597225790161075
0 0.6183932613283852 0.6918610532014554 0.003487778063212943 0.004795694836917903
0 0.6203006399567049 0.691933715244439 0.0033787849987374583 0.005086343008852197
0 0.6226439908429261 0.6918247221799636 0.0037057641921638493 0.005304329137803026
0 0.5964480778660408 0.6797687503446693 0.003688348420009504 0.004421506362824772
0 0.5987490658711841 0.6796108394031387 0.0034853200666147984 0.004556858598421482
0 0.5747569070811249 0.6929689594318355 0.003610520884541515 0.0045658820807946655
0 0.5768785533741041 0.6929937740083623 0.0032383022366497764 0.0047147695399507505
0 0.5790001996670809 0.6928945157022571 0.003387189695806825 0.00451625292774267
0 0.5520217728388073 0.6798496423845444 0.003476091505096548 0.004716820331399418
0 0.5543904369617491 0.6798496423845442 0.0034145677616438373 0.0045527570155246624
0 0.5307604824743755 0.6923628681552995 0.003461633425385031 0.004615511233846945
0 0.5329193506321431 0.6922884244257217 0.003089414777495158 0.004665140386898605
0 0.534910720398359 0.6923628681552997 0.0036477427493300757 0.004317736315534118
