0 0.34834635798819547 0.3539134324576662 0.003989418642460976 0.005212840359482342
0 0.3485857231067432 0.3592858495628471 0.0038298418967625735 0.004893686868085539
0 0.34866551147959235 0.36460507441946177 0.003989418642460976 0.005319224856614682
0 0.32946757499765894 0.4157879531119029 0.0038245666324419145 0.004835658960558717
0 0.32959945660567413 0.4210632174325125 0.0038245666324419145 0.00518734324859949
0 0.3485217860012547 0.47139612797308544 0.0039495244560364285 0.00514900966120301
0 0.3485656696063218 0.47660364910771125 0.00386175724590224 0.005031986714357544
0 0.34882897123672424 0.4820452161360281 0.003861757245902311 0.00514900966120301
0 0.33165118257887033 0.5338500291665152 0.003776609684072767 0.004795694836917903
0 0.33177107494979324 0.5389654369925609 0.003776609684072838 0.004955551331481871
0 0.3504419883977139 0.5891549160693783 0.003844348873644208 0.005415938035825931
0 0.35044561446431033 0.5945331881984571 0.0038487408191915764 0.00524083856230348
0 0.35044561446431033 0.5997194346924033 0.0036849646141196503 0.005131654425588863
0 0.32852070651714177 0.6528945967747661 0.0038147572566391828 0.0051523994115646584
0 0.3287188757252788 0.6580469961863307 0.0035175034444335294 0.005020286606139877
0 0.5026867124146924 0.5892715617811065 0.003765214954604801 0.005086343008852268
0 0.5029591950758809 0.5944569893940274 0.004012926464776285 0.004888173800715236
0 0.5030830508309666 0.5998405862150852 0.004062468766810454 0.004690004592577992
0 0.39521743786387714 0.6670518674113552 0.0037560245378075187 0.004827563069615325
0 0.5201336336495384 0.6479661026490767 0.003776609684072696 0.005275264320609665
0 0.5201935798349999 0.653441187587891 0.0034169325713038746 0.005195336073327752
0 0.5202894679613572 0.5310959491691836 0.0038896848704595755 0.005077062357231483
0 0.5203508840382592 0.5362276035947723 0.003930628921727575 0.004858694083802248
0 0.5030614631256063 0.48273722506195 0.0037259086653876495 0.005240838562303409
0 0.5030205190743383 0.4774690904654679 0.003644020562851722 0.004858694083802177
0 0.5028157988179982 0.47220095586898575 0.00364402056285158 0.004913286152159486
0 0.521054091818352 0.4214327413922046 0.003663459269249074 0.005182909296952829
0 0.5209701958045525 0.4159701787159198 0.003663459269248932 0.0050710479452199305
0 0.5029992005805078 0.3552940162631097 0.0036030765115836515 0.004984255841023994
0 0.5029766813523103 0.3604584259297129 0.00337788422960962 0.004623948189865672
0 0.5028190467549286 0.36550273304593 0.0031526919476357307 0.004984255841024065
