0 0.42156518396401554 0.16287748621702378 0.003554209336010814 0.004642232602136467
0 0.42159286098693394 0.16554600658945684 0.0037966302084868177 0.004268107162481982
0 0.42161147191932874 0.16825079543079738 0.003387189695806401 0.004516252927742602
0 0.44814378607719335 0.15775982946575914 0.0036567173131498974 0.004875623084199798
0 0.45054163349565224 0.15787972183668209 0.004016394425918719 0.00447598184778995
0 0.4715827445926291 0.1576799012184772 0.0036567173131498267 0.00503547957876373
0 0.4738307265474346 0.1577198653421182 0.003596771127688372 0.004635838342353883
0 0.49890532180119784 0.1633818141117584 0.0038692537888768987 0.004723032793934188
0 0.4987963287367225 0.1659613166376764 0.0037602607244013263 0.004214398493048996
0 0.49876908047060353 0.16879513631403692 0.0035967711276884097 0.004650370750950614
0 0.5077067211917387 0.19349179809248349 0.00391688375805252 0.005029085318981146
0 0.5077067211917387 0.19678004618566347 0.00406195352686936 0.005029085318981111
0 0.4120993472859171 0.19368764622430043 0.003616588048502152 0.00488817380071513
0 0.4121241184369342 0.19662715614500073 0.0036661303505363917 0.004954230203427485
0 0.421683749890491 0.22116557637347875 0.0038147572566391828 0.00488817380071513
0 0.42165897873947344 0.22393994528739775 0.003963384162742171 0.004359722579016191
0 0.42173329219252503 0.2266152295972489 0.0037156726525706296 0.0048221173980028086
0 0.4988166553506742 0.22186894494956 0.0040883298484723695 0.004747737888548649
0 0.49888259615468195 0.22446261657385974 0.00408832984847228 0.004483974672518194
0 0.49891556655668556 0.22718816980617473 0.003890507436449582 0.004659816816538438
0 0.41303470522054814 0.25248350657659574 0.0041250588763047345 0.004914963767511935
0 0.41294693801041404 0.25546759172115663 0.003773990035768122 0.005031986714357473
0 0.5073982859132056 0.25142906295318995 0.0037718139892358236 0.00512579849819236
0 0.5073982859132056 0.25433045832952517 0.0037718139892358236 0.004352093064502896
0 0.4988083226259566 0.28028632515417784 0.003558038055188746 0.005044307116217049
0 0.4988308418541547 0.2831687863634448 0.003603076511583728 0.004563896914672397
0 0.4988308418541541 0.2858110424719394 0.0036030765115837226 0.004804102015444869
0 0.4225626477577363 0.28037862046319195 0.003864299558673423 0.004557891787153281
0 0.42263696121078703 0.28315298937711153 0.003814757256639204 0.004557891787153214
0 0.4227112746638392 0.2856631326801813 0.0036661303505363917 0.004557891787153316
0 0.5072984052037156 0.3094736268198572 0.003989418642460976 0.005000071365217842
0 0.5074978761358382 0.31250558498812736 0.003909630269611738 0.004893686868085701
0 0.4448006000176579 0.319109965740758 0.004125058876304663 0.006202216182812741
0 0.4115725698390642 0.3122649707878853 0.003715672652570632 0.004822117398002739
0 0.41159734099008133 0.31494025509773615 0.0036661303505363205 0.004756060995290348
0 0.4216833843747477 0.33844793044701577 0.003844348873644208 0.005222511677403503
0 0.4217196518169519 0.34139768241295665 0.0037718139892358236 0.004545519422925253
0 0.4217196518169519 0.34376715530363033 0.003916883758052588 0.004835658960558892
0 0.498647580527132 0.3387174097216888 0.0039495244560364285 0.005258193797917691
0 0.49867332402669035 0.34162394351203906 0.003930628921727613 0.004367365468586036
0 0.49881662820612904 0.344353546929906 0.0037259086653876495 0.004585733742015492
0 0.3940976175048709 0.3687973849676456 0.0037057641921637696 0.005086343008852197
0 0.3942338588354651 0.3715222115795309 0.004196232982303128 0.004432384621999584
0 0.45366412262675454 0.3785626950488535 0.0035967711276883563 0.005035479578763713
0 0.5261566994572469 0.36862663061842194 0.0037500535239134818 0.005425609353747185
0 0.5261566994572473 0.3717117810352583 0.0040692070153102835 0.005212840359482342
0 0.42112612761082885 0.3979169744308272 0.004062468766810454 0.004888173800715094
0 0.42134906796998317 0.40059225874067794 0.004211095672913387 0.0042936661763038585
0 0.42122521221489706 0.40330057125188484 0.003963384162741971 0.004557891787153535
0 0.4987187260340667 0.39741474567666335 0.004012517024263644 0.004913286152159486
0 0.49878014211096866 0.40036271736795903 0.0038896848704596467 0.004367365468586257
0 0.49875967008533467 0.4031196168200041 0.0035211884090477243 0.004858694083802214
0 0.5085158068595265 0.4278643983260858 0.0036206723022111477 0.004737328245883816
0 0.5084819688006269 0.4306165604498847 0.003417643948816149 0.004647093422152893
0 0.41064537310415167 0.42844861106046117 0.003809953680959835 0.004757291871605908
0 0.4106418408749201 0.43121166296745495 0.003487788202036839 0.004678398632451035
0 0.4213419208966347 0.4564275639844555 0.0037221864789087535 0.004863656999107349
0 0.42145358649100195 0.45903309451969165 0.003945517667643231 0.004416994621638324
0 0.421453586491002 0.46173788336103194 0.0037966302084868884 0.004665140386898941
0 0.4434028428737821 0.47598526324664014 0.004076340611380189 0.005275264320609665
0 0.4979877625746523 0.45558374346985275 0.004087239917827716 0.00494101892288505
0 0.49798776257465305 0.4583812321247216 0.004196232982303057 0.004141736450065147
0 0.4980150108407713 0.46099706567213117 0.003487778063212872 0.005013680965868659
0 0.4101150742872929 0.48771791360479555 0.0035360771549633086 0.004714769539951007
0 0.4100964633548984 0.49059640448181824 0.0033499678310178636 0.004615511233846803
0 0.5082891672973348 0.4865842203702854 0.0037832303371628483 0.005104358391410173
0 0.508311686525532 0.4897669379555176 0.003738191880768085 0.004623948189865672
0 0.41010699264163436 0.5167549522373653 0.003596771127688285 0.005231667094819485
0 0.4101614891738721 0.5198430890641684 0.0038147572566391828 0.0047230327939342944
0 0.3857474059715926 0.544307692734654 0.00391834570634721 0.004804102015444869
0 0.3857474059715929 0.5470700513935348 0.003918345706347213 0.004563896914672615
0 0.5082492398630855 0.5158400430738047 0.004076340611380047 0.004955551331481729
0 0.5083091860485469 0.5186375317286733 0.003956448240457178 0.004795694836917903
0 0.5083329784170738 0.5450589164415668 0.0037057641921638407 0.00494101892288505
0 0.5083874749493115 0.5477110810104682 0.0038147572566392535 0.004577708707966861
0 0.29765317425110305 0.6917336761844443 0.003523632579582987 0.004735463890021663
0 0.29963871324436014 0.691808250418932 0.0033558405519836286 0.0048100381245100715
0 0.30170814825141684 0.6917150326258215 0.003579563255449408 0.004623602538289095
0 0.3216794851685312 0.6797050232503221 0.0034616334253851733 0.004714769539950936
0 0.3237266877319309 0.6797546524033743 0.003461633425385031 0.00471476953995122
0 0.3418584954621896 0.691508391468964 0.0036914246071821566 0.004716820331399561
0 0.34411949303408884 0.6917134706138078 0.0031684727878312766 0.004962915305211621
0 0.34596520533767994 0.6915904231269019 0.0034145677616434574 0.0045527570155248056
0 0.3658760752597945 0.6795706850866777 0.0038365558695342373 0.004795694836917903
0 0.3682139764927919 0.6795307209630372 0.0037166634986113443 0.005035479578763784
0 0.3860869793759603 0.6916039723176914 0.003684964614119579 0.004749509947087347
0 0.38825701409316393 0.6916312683518697 0.0031936359989038687 0.004804102015444584
0 0.3902837446309298 0.6914674921467975 0.0032345800501715916 0.004367365468586255
0 0.40243643037588606 0.691447893594258 0.0037057641921637696 0.004795694836917761
0 0.4049432708588203 0.6914842246157505 0.003814757256639145 0.004577708707967077
0 0.4762226641885771 0.678821297647055 0.0038965020549957784 0.005115407826045697
0 0.5302495609237818 0.691510748749226 0.0034679611423993595 0.004756060995290172
0 0.5322312530051531 0.6915107487492258 0.0033688765383306104 0.004888173800715093
0 0.5344358854456782 0.6914446923465134 0.0035175034444336413 0.004756060995290449
0 0.5521720295739486 0.6797857372677811 0.0035175034444334596 0.0052184558142769795
0 0.554376662014474 0.6797527090664249 0.0034679611423993604 0.004623948189865672
0 0.5745496024438485 0.6914073010959472 0.003487778063213014 0.005159005051835947
0 0.5765387258705248 0.6915889562034055 0.00332428846649971 0.0052316670948195565
0 0.5786913388939139 0.6914436321174384 0.00348777806321296 0.004941018922884977
0 0.5965389532017614 0.6796360501326035 0.0035422745954507917 0.005304329137803023
0 0.5986643179590321 0.6797450431970783 0.0035422745954504257 0.0047956948369177604
0 0.6186772068497156 0.691461216754216 0.0035670457464678407 0.005020286606139877
0 0.6207459891318021 0.6913951603515025 0.0032458031275565636 0.004888173800715231
0 0.6228463122041731 0.691587657368791 0.0033558405519839595 0.004474454069311804
0 0.2931449835951594 0.7280502076485494 0.0032915202747377525 0.004798851989337156
0 0.293298792953792 0.7306957286170289 0.0034760915050965823 0.0045937728444928536
0 0.41289430302142593 0.7354270029703188 0.004388360506707084 0.005000071365217721
0 0.6278116980296378 0.7263174294869514 0.003387189695806967 0.004665140386898941
0 0.6278489198944268 0.7290718474813438 0.0036105208845413727 0.004615511233846803
0 0.30949730527442126 0.7578698012905413 0.0036849646141196147 0.004858694083802106
0 0.3095791933769573 0.760735884879301 0.003521188409047582 0.004694917878730252
0 0.4125537504916501 0.7543964906887897 0.003956448240457178 0.005035479578763642
0 0.6107954877353139 0.7573697874299938 0.0035868342433121826 0.004872680481480671
0 0.6109646780298098 0.7601670669656586 0.0037221864789087535 0.0046019760102871034
0 0.2986147447002112 0.79340708763774 0.0036354939313157785 0.004959186593487175
0 0.3006981623762345 0.7935935232239612 0.003383805889916971 0.004660889655533112
0 0.3026557360315584 0.7935748796653391 0.003495667241649798 0.004623602538288907
0 0.32155601653915183 0.8062256014268746 0.0035621324603156168 0.004749509947087631
0 0.3237669953076236 0.8063074895294108 0.0035621324603157234 0.004694917878730252
0 0.3428878672497777 0.7935056494996172 0.0036440205628516507 0.004858694083802248
0 0.3450783739926153 0.7935875376021531 0.0036030765115835587 0.00513165442558872
0 0.3472484087098192 0.7935329455337959 0.003521188409047653 0.004694917878730109
0 0.365929944990193 0.8061944188734119 0.003160798869786703 0.0048683568799013695
0 0.3682732958764143 0.8061944188734127 0.0039237503211145665 0.00486835687990139
0 0.38730248219762686 0.7934465391889379 0.0035422745954506495 0.004941018922885016
0 0.3893743964032029 0.793452561543105 0.003291520274737465 0.005003931134181262
0 0.3913851042005995 0.7934525615431052 0.003436940031990521 0.004593772844493456
0 0.41017873664562826 0.8060976691864105 0.0035967711276884274 0.004941018922884836
0 0.4123585979351364 0.8060976691864105 0.003814757256639254 0.004650370750950685
0 0.4315624429971851 0.7932665164914332 0.0036849646141196503 0.005077062357231483
0 0.4336096455605849 0.7935394768332196 0.003357412203975585 0.005077062357231483
0 0.4357592082521547 0.793512180799041 0.003725908665387545 0.004585733742015634
0 0.4530990139641509 0.8029566086248586 0.0036030765115836515 0.004694917878730109
0 0.45313995801541895 0.8057408041110824 0.0035211884090477243 0.004476549605300874
0 0.48735854097011966 0.7934531632875803 0.003715672652570632 0.004954230203427414
0 0.4894145465045422 0.7935522478916488 0.003368876538330643 0.004623948189864954
0 0.4914953231899819 0.793552247891649 0.003567045746467391 0.004623948189865544
0 0.5100984576038519 0.8062681054137792 0.003814757256639112 0.0048221173980026325
0 0.5124021746484456 0.8063011336151343 0.003567045746467843 0.004756060995290168
0 0.531613660663864 0.793579296403087 0.0035360771549633086 0.0044666237746905325
0 0.5337166960244477 0.7936041109796139 0.003201080371861199 0.0046155112338459705
0 0.5356894548582687 0.7934687587440172 0.003424411560595782 0.004444065068758114
0 0.5759443789951564 0.7934630498742967 0.0035732990197523407 0.004615511233846945
0 0.5780101924909509 0.7935126790273503 0.003238302236650358 0.00471476953995108
0 0.5800573950543505 0.7933886061447185 0.0033871896958068957 0.004268107162481982
0 0.6191330459129287 0.7935483971617083 0.003521188409047653 0.004967878220517008
0 0.6211802484763285 0.7935483971617083 0.0034393003065118404 0.00474950994708749
0 0.6232479230653623 0.7935483971617081 0.003480244357779897 0.00464032581037287
0 0.5545357768508343 0.8062070631402117 0.0036545103611104694 0.004692210834018688
0 0.5566844935909315 0.8061619457283462 0.0034176439488161096 0.00442150636282491
