0 0.2774753199831612 0.25814593248701917 0.004497499032508898 0.005653998783725527
0 0.16266059468182625 0.2665412640143692 0.0038549991707219535 0.005653998783725491
0 0.12566359132180324 0.2664555973661308 0.0037586258284343366 0.004747737888548613
0 0.1294551875522414 0.2664555973661308 0.003297040200380987 0.004923580032568928
0 0.26631091941746704 0.28221772614047824 0.0038245666324419145 0.0052752643206095936
0 0.26611309700544417 0.2992304535744442 0.0039564482404571425 0.005539027536640084
0 0.21245094154116584 0.3343682779598078 0.0032713232868180598 0.005319224856614752
0 0.23798322085291632 0.3346874314512046 0.00422878376100865 0.005957531839408432
0 0.2631165583004207 0.3351129694397338 0.004069207015310248 0.005744762845143825
0 0.348577803788839 0.3029450747515214 0.0033787849987376006 0.005376991180786668
0 0.34876854165167087 0.31162818888806193 0.0035422745954506495 0.0053043291378030944
0 0.1723707268015481 0.3676119268072667 0.00422878376100865 0.0061703008336730395
0 0.1961213065665015 0.4276974007098907 0.00356080341641146 0.0051873432485994185
0 0.18171324089083654 0.4440067595677754 0.004154270652480072 0.0054511064646298735
0 0.15860098908616566 0.4307746382302463 0.00382456663244195 0.005363185392619698
0 0.12315780693206989 0.44708399708813107 0.003362981004388619 0.0043960536005081255
0 0.24974938228453372 0.3853139610236366 0.0036862228256340046 0.005500078501739551
0 0.2504954035706739 0.4169101566719277 0.0039495244560364285 0.006436262076503781
0 0.27283215854981313 0.38490438070967725 0.004388360506707052 0.00561710144858516
